Problem:    
Rows:       795
Columns:    607 (289 integer, 289 binary)
Non-zeros:  4554
Status:     INTEGER OPTIMAL
Objective:  obj = 540.4062686 (MINimum)

   No.   Row name        Activity     Lower bound   Upper bound
------ ------------    ------------- ------------- -------------
     1 c1                          0                           0 
     2 c2                          0                           0 
     3 c3                          0                           0 
     4 c4                          0                           0 
     5 c5                          0                           0 
     6 c6                          0                           0 
     7 c7                          0                           0 
     8 c8                          0                           0 
     9 c9                          0                           0 
    10 c10                         0                           0 
    11 c11                         0                           0 
    12 c12                         0                           0 
    13 c13                         0                           0 
    14 c14                         0                           0 
    15 c15                     -0.25                           0 
    16 c16                         0                           0 
    17 c17                         0                           0 
    18 c18                         0                           0 
    19 c19                         0                           0 
    20 c20                         0                           0 
    21 c21                         0                           0 
    22 c22                         0                           0 
    23 c23                         0                           0 
    24 c24                         0                           0 
    25 c25                         0                           0 
    26 c26                         0                           0 
    27 c27                         0                           0 
    28 c28                         0                           0 
    29 c29                         0                           0 
    30 c30                         0                           0 
    31 c31                         0                           0 
    32 c32                         0                           0 
    33 c33                         0                           0 
    34 c34                         0                           0 
    35 c35                         0                           0 
    36 c36                         0                           0 
    37 c37                         0                           0 
    38 c38                         0                           0 
    39 c39                         0                           0 
    40 c40                         0                           0 
    41 c41                         0                           0 
    42 c42                         0                           0 
    43 c43                         0                           0 
    44 c44                         0                           0 
    45 c45                   -139.66                           0 
    46 c46                  -65.4532                           0 
    47 c47                  -10.1473                           0 
    48 c48                  -12.8527                           0 
    49 c49                -0.0335925                           0 
    50 c50                 -0.966408                           0 
    51 c51                 -0.233592                           0 
    52 c52                -0.0164075                           0 
    53 c53                         0                           0 
    54 c54                         0                           0 
    55 c55                         0                           0 
    56 c56                         0                           0 
    57 c57                         0                           0 
    58 c58                         0                           0 
    59 c59                 -0.199472                           0 
    60 c60                -0.0505276                           0 
    61 c61                         0                           0 
    62 c62                         0                           0 
    63 c63                         0                           0 
    64 c64                         0                           0 
    65 c65                         0                           0 
    66 c66                         0                           0 
    67 c67                -0.0341201                           0 
    68 c68                  -0.21588                           0 
    69 c69                         0                           0 
    70 c70                         0                           0 
    71 c71                         0                           0 
    72 c72                         0                           0 
    73 c73                         0                           0 
    74 c74                         0                           0 
    75 c75                  -7.91812                           0 
    76 c76                  -72.0819                           0 
    77 c77                         0                           0 
    78 c78                         0                           0 
    79 c79                         0                           0 
    80 c80                         0                           0 
    81 c81                         0                           0 
    82 c82                         0                           0 
    83 c83                         0                           0 
    84 c84                         0                           0 
    85 c85                         0                           0 
    86 c86                         0                           0 
    87 c87                         0                           0 
    88 c88                         0                           0 
    89 c89                         0                           0 
    90 c90                         0                           0 
    91 c91                         0                           0 
    92 c92                         0                           0 
    93 c93                         0                           0 
    94 c94                         0                           0 
    95 c95                         0                           0 
    96 c96                         0                           0 
    97 c97                         0                           0 
    98 c98                         0                           0 
    99 c99                         0                           0 
   100 c100                        0                           0 
   101 c101                        0                           0 
   102 c102                        0                           0 
   103 c103                        0                           0 
   104 c104                        0                           0 
   105 c105                        0                           0 
   106 c106                        0                           0 
   107 c107                        0                           0 
   108 c108                        0                           0 
   109 c109                        0                           0 
   110 c110                        0                           0 
   111 c111                        0                           0 
   112 c112                        0                           0 
   113 c113                        0                           0 
   114 c114                        0                           0 
   115 c115                        0                           0 
   116 c116                        0                           0 
   117 c117                        0                           0 
   118 c118                        0                           0 
   119 c119                        0                           0 
   120 c120                        0                           0 
   121 c121                        0                           0 
   122 c122                        0                           0 
   123 c123                        0                           0 
   124 c124                        0                           0 
   125 c125                        0                           0 
   126 c126                        0                           0 
   127 c127                        0                           0 
   128 c128                        0                           0 
   129 c129                        0                           0 
   130 c130                        0                           0 
   131 c131                        0                           0 
   132 c132                        0                           0 
   133 c133                        0                           0 
   134 c134                        0                           0 
   135 c135                        0                           0 
   136 c136                        0                           0 
   137 c137                        0                           0 
   138 c138                        0                           0 
   139 c139                        0                           0 
   140 c140                        0                           0 
   141 c141                        0                           0 
   142 c142                        0                           0 
   143 c143                        0                           0 
   144 c144                        0                           0 
   145 c145                        0                           0 
   146 c146                        0                           0 
   147 c147                        0                           0 
   148 c148                        0                           0 
   149 c149                        0                           0 
   150 c150                        0                           0 
   151 c151                        0                           0 
   152 c152                        0                           0 
   153 c153                        0                           0 
   154 c154                        0                           0 
   155 c155                        0                           0 
   156 c156                        0                           0 
   157 c157                        0                           0 
   158 c158                        0                           0 
   159 c159                        0                           0 
   160 c160                        0                           0 
   161 c161                  -18.285                           0 
   162 c162                 -139.792                           0 
   163 c163                 -7.91812                           0 
   164 c164                 -32.0819                           0 
   165 c165                        0                           0 
   166 c166                        0                           0 
   167 c167                        0                           0 
   168 c168                        0                           0 
   169 c169                        0                           0 
   170 c170                        0                           0 
   171 c171                        0                           0 
   172 c172                        0                           0 
   173 c173                        0                           0 
   174 c174                        0                           0 
   175 c175                        0                           0 
   176 c176                        0                           0 
   177 c177                        0                           0 
   178 c178                        0                           0 
   179 c179                        0                           0 
   180 c180                        0                           0 
   181 c181                        0                           0 
   182 c182                        0                           0 
   183 c183                        0                           0 
   184 c184                        0                           0 
   185 c185                        0                           0 
   186 c186                        0                           0 
   187 c187                        0                           0 
   188 c188                        0                           0 
   189 c189                        0                           0 
   190 c190                        0                           0 
   191 c191                        0                           0 
   192 c192                        0                           0 
   193 c193                        0                           0 
   194 c194                        0                           0 
   195 c195                        0                           0 
   196 c196                        0                           0 
   197 c197                        0                           0 
   198 c198                        0                           0 
   199 c199                        0                           0 
   200 c200                        0                           0 
   201 c201                        0                           0 
   202 c202                        0                           0 
   203 c203                        0                           0 
   204 c204                        0                           0 
   205 c205                        0                           0 
   206 c206                        0                           0 
   207 c207                        0                           0 
   208 c208                        0                           0 
   209 c209                        0                           0 
   210 c210                        0                           0 
   211 c211                        0                           0 
   212 c212                        0                           0 
   213 c213                        0                           0 
   214 c214                        0                           0 
   215 c215                        0                           0 
   216 c216                        0                           0 
   217 c217                        0                           0 
   218 c218                        0                           0 
   219 c219                        0                           0 
   220 c220                        0                           0 
   221 c221                        0                           0 
   222 c222                        0                           0 
   223 c223                        0                           0 
   224 c224                        0                           0 
   225 c225                        0                           0 
   226 c226                        0                           0 
   227 c227                        0                           0 
   228 c228                        0                           0 
   229 c229                        0                           0 
   230 c230                        0                           0 
   231 c231                        0                           0 
   232 c232                        0                           0 
   233 c233                        0                           0 
   234 c234                        0                           0 
   235 c235                        0                           0 
   236 c236                        0                           0 
   237 c237                        0                           0 
   238 c238                        0                           0 
   239 c239                        0                           0 
   240 c240                        0                           0 
   241 c241                        0                           0 
   242 c242                        0                           0 
   243 c243                        0                           0 
   244 c244                        0                           0 
   245 c245                        0                           0 
   246 c246                        0                           0 
   247 c247                        0                           0 
   248 c248                        0                           0 
   249 c249                        0                           0 
   250 c250                        0                           0 
   251 c251                        0                           0 
   252 c252                        0                           0 
   253 c253                        0                           0 
   254 c254                        0                           0 
   255 c255                        0                           0 
   256 c256                        0                           0 
   257 c257                        0                           0 
   258 c258                        0                           0 
   259 c259                        0                           0 
   260 c260                        0                           0 
   261 c261                        0                           0 
   262 c262                        0                           0 
   263 c263                        0                           0 
   264 c264                        0                           0 
   265 c265                        0                           0 
   266 c266                        0                           0 
   267 c267                        0                           0 
   268 c268                        0                           0 
   269 c269                        0                           0 
   270 c270                        0                           0 
   271 c271                        0                           0 
   272 c272                        0                           0 
   273 c273                        0                           0 
   274 c274                        0                           0 
   275 c275                        0                           0 
   276 c276                        0                           0 
   277 c277                        0                           0 
   278 c278                        0                           0 
   279 c279                        0                           0 
   280 c280                        0                           0 
   281 c281                        0                           0 
   282 c282                        0                           0 
   283 c283                        0                           0 
   284 c284                        0                           0 
   285 c285                        0                           0 
   286 c286                        0                           0 
   287 c287                        0                           0 
   288 c288                        0                           0 
   289 c289                        0                           0 
   290 c290                        0                           0 
   291 c291                        0                           0 
   292 c292                        0                           0 
   293 c293                        0                           0 
   294 c294                        0                           0 
   295 c295                        0                           0 
   296 c296                        0                           0 
   297 c297                        0                           0 
   298 c298                        0                           0 
   299 c299                        0                           0 
   300 c300                        0                           0 
   301 c301                        0                           0 
   302 c302                        0                           0 
   303 c303                        0                           0 
   304 c304                        0                           0 
   305 c305                        0                           0 
   306 c306                        0                           0 
   307 c307                        0                           0 
   308 c308                        0                           0 
   309 c309                        0                           0 
   310 c310                        0                           0 
   311 c311                        0                           0 
   312 c312                        0                           0 
   313 c313                        0                           0 
   314 c314                        0                           0 
   315 c315                        0                           0 
   316 c316                        0                           0 
   317 c317                        0                           0 
   318 c318                        0                           0 
   319 c319                        0                           0 
   320 c320                        0                           0 
   321 c321                        0                           0 
   322 c322                        0                           0 
   323 c323                        0                           0 
   324 c324                        0                           0 
   325 c325                        0                           0 
   326 c326                        0                           0 
   327 c327                        0                           0 
   328 c328                        0                           0 
   329 c329                        0                           0 
   330 c330                        0                           0 
   331 c331                        0                           0 
   332 c332                        0                           0 
   333 c333                        0                           0 
   334 c334                        0                           0 
   335 c335                        0                           0 
   336 c336                        0                           0 
   337 c337                        0                           0 
   338 c338                        0                           0 
   339 c339                        0                           0 
   340 c340                        0                           0 
   341 c341                        0                           0 
   342 c342                        0                           0 
   343 c343                        0                           0 
   344 c344                        0                           0 
   345 c345                        0                           0 
   346 c346                        0                           0 
   347 c347                        0                           0 
   348 c348                        0                           0 
   349 c349                        0                           0 
   350 c350                        0                           0 
   351 c351                        0                           0 
   352 c352                        0                           0 
   353 c353                        0                           0 
   354 c354                        0                           0 
   355 c355                        0                           0 
   356 c356                        0                           0 
   357 c357                        0                           0 
   358 c358                        0                           0 
   359 c359                        0                           0 
   360 c360                        0                           0 
   361 c361                        0                           0 
   362 c362                        0                           0 
   363 c363                        0                           0 
   364 c364                        0                           0 
   365 c365                        0                           0 
   366 c366                        0                           0 
   367 c367                        0                           0 
   368 c368                        0                           0 
   369 c369               -0.0091454                           0 
   370 c370                -0.190855                           0 
   371 c371                        0                           0 
   372 c372                        0                           0 
   373 c373                        0                           0 
   374 c374                        0                           0 
   375 c375                        0                           0 
   376 c376                        0                           0 
   377 c377                        0                           0 
   378 c378                        0                           0 
   379 c379                        0                           0 
   380 c380                        0                           0 
   381 c381                        0                           0 
   382 c382                        0                           0 
   383 c383                        0                           0 
   384 c384                        0                           0 
   385 c385                        0                           0 
   386 c386                        0                           0 
   387 c387                -0.190855                           0 
   388 c388               -0.0091454                           0 
   389 c389                        0                           0 
   390 c390                        0                           0 
   391 c391                        0                           0 
   392 c392                        0                           0 
   393 c393                        0                           0 
   394 c394                        0                           0 
   395 c395                        0                           0 
   396 c396                        0                           0 
   397 c397                        0                           0 
   398 c398                        0                           0 
   399 c399                        0                           0 
   400 c400                        0                           0 
   401 c401                        0                           0 
   402 c402                        0                           0 
   403 c403                        0                           0 
   404 c404                        0                           0 
   405 c405                        0                           0 
   406 c406                        0                           0 
   407 c407                        0                           0 
   408 c408                        0                           0 
   409 c409                        0                           0 
   410 c410                        0                           0 
   411 c411                        0                           0 
   412 c412                        0                           0 
   413 c413                        0                           0 
   414 c414                        0                           0 
   415 c415                        0                           0 
   416 c416                        0                           0 
   417 c417                        0                           0 
   418 c418                        0                           0 
   419 c419                        0                           0 
   420 c420                        0                           0 
   421 c421                        0                           0 
   422 c422                        0                           0 
   423 c423                        0                           0 
   424 c424                        0                           0 
   425 c425                        0                           0 
   426 c426                        0                           0 
   427 c427                        0                           0 
   428 c428                        0                           0 
   429 c429                        0                           0 
   430 c430                        0                           0 
   431 c431                        0                           0 
   432 c432                        0                           0 
   433 c433                        0                           0 
   434 c434                        0                           0 
   435 c435                        0                           0 
   436 c436                        0                           0 
   437 c437                        0                           0 
   438 c438                        0                           0 
   439 c439                        0                           0 
   440 c440                        0                           0 
   441 c441                        0                           0 
   442 c442                        0                           0 
   443 c443                        0                           0 
   444 c444                        0                           0 
   445 c445                        0                           0 
   446 c446                        0                           0 
   447 c447                        0                           0 
   448 c448                        0                           0 
   449 c449                        0                           0 
   450 c450                        0                           0 
   451 c451                        0                           0 
   452 c452                        0                           0 
   453 c453                        0                           0 
   454 c454                        0                           0 
   455 c455                        0                           0 
   456 c456                        0                           0 
   457 c457                        0                           0 
   458 c458                        0                           0 
   459 c459                        0                           0 
   460 c460                        0                           0 
   461 c461                        0                           0 
   462 c462                        0                           0 
   463 c463                        0                           0 
   464 c464                        0                           0 
   465 c465                        0                           0 
   466 c466                        0                           0 
   467 c467                        0                           0 
   468 c468                        0                           0 
   469 c469                        0                           0 
   470 c470                        0                           0 
   471 c471                        0                           0 
   472 c472                        0                           0 
   473 c473                        0                           0 
   474 c474                        0                           0 
   475 c475                        0                           0 
   476 c476                        0                           0 
   477 c477                        0                           0 
   478 c478                        0                           0 
   479 c479                        0                           0 
   480 c480                        0                           0 
   481 c481                        0                           0 
   482 c482                        0                           0 
   483 c483                        0                           0 
   484 c484                        0                           0 
   485 c485                        0                           0 
   486 c486                        0                           0 
   487 c487                        0                           0 
   488 c488                        0                           0 
   489 c489                        0                           0 
   490 c490                        0                           0 
   491 c491                        0                           0 
   492 c492                        0                           0 
   493 c493                        0                           0 
   494 c494                        0                           0 
   495 c495                        0                           0 
   496 c496                        0                           0 
   497 c497                        0                           0 
   498 c498                        0                           0 
   499 c499                        0                           0 
   500 c500                        0                           0 
   501 c501                        0                           0 
   502 c502                        0                           0 
   503 c503                        0                           0 
   504 c504                        0                           0 
   505 c505                        0                           0 
   506 c506                        0                           0 
   507 c507                        0                           0 
   508 c508                        0                           0 
   509 c509                        0                           0 
   510 c510                        0                           0 
   511 c511                        0                           0 
   512 c512                        0                           0 
   513 c513                        0                           0 
   514 c514                        0                           0 
   515 c515                        0                           0 
   516 c516                        0                           0 
   517 c517                        0                           0 
   518 c518                        0                           0 
   519 c519                        0                           0 
   520 c520                        0                           0 
   521 c521                        0                           0 
   522 c522                        0                           0 
   523 c523                        0                           0 
   524 c524                        0                           0 
   525 c525                        0                           0 
   526 c526                     -0.2                           0 
   527 c527                        0                           0 
   528 c528                        0                           0 
   529 c529                        0                           0 
   530 c530                        0                           0 
   531 c531                        0                           0 
   532 c532                        0                           0 
   533 c533                        0                           0 
   534 c534                        0                           0 
   535 c535                        0                           0 
   536 c536                        0                           0 
   537 c537                        0                           0 
   538 c538                        0                           0 
   539 c539                        0                           0 
   540 c540                        0                           0 
   541 c541                        0                           0 
   542 c542                        0                           0 
   543 c543                -0.132815                           0 
   544 c544               -0.0671849                           0 
   545 c545                        0                           0 
   546 c546                        0                           0 
   547 c547                        0                           0 
   548 c548                        0                           0 
   549 c549                        0                           0 
   550 c550                        0                           0 
   551 c551                        0                           0 
   552 c552                        0                           0 
   553 c553              -0.00141578                           0 
   554 c554                -0.198584                           0 
   555 c555                        0                           0 
   556 c556                        0                           0 
   557 c557                        0                           0 
   558 c558                        0                           0 
   559 c559                        0                           0 
   560 c560                        0                           0 
   561 c561                        0                           0 
   562 c562                        0                           0 
   563 c563                        0                           0 
   564 c564                        0                           0 
   565 c565                        0                           0 
   566 c566                        0                           0 
   567 c567                        0                           0 
   568 c568                        0                           0 
   569 c569                        0                           0 
   570 c570                        0                           0 
   571 c571                -0.197529                           0 
   572 c572              -0.00247102                           0 
   573 c573                        0                           0 
   574 c574                        0                           0 
   575 c575                        0                           0 
   576 c576                        0                           0 
   577 c577                        0                           0 
   578 c578                        0                           0 
   579 c579                        0                           0 
   580 c580                        0                           0 
   581 c581                        0                           0 
   582 c582                        0                           0 
   583 c583                        0                           0 
   584 c584                        0                           0 
   585 c585                        0                           0 
   586 c586                        0                           0 
   587 c587                        0                           0 
   588 c588                        0                           0 
   589 c589               -0.0360635                           0 
   590 c590                -0.163937                           0 
   591 c591                        0                           0 
   592 c592                        0                           0 
   593 c593                        0                           0 
   594 c594                        0                           0 
   595 c595                        0                           0 
   596 c596                        0                           0 
   597 c597                        0                           0 
   598 c598                        0                           0 
   599 c599                        0                           0 
   600 c600                        0                           0 
   601 c601                        0                           0 
   602 c602                        0                           0 
   603 c603                        0                           0 
   604 c604                        0                           0 
   605 c605                        0                           0 
   606 c606                        0                           0 
   607 c607                        0                           0 
   608 c608                        0                           0 
   609 c609                        0                           0 
   610 c610                        0                           0 
   611 c611               -0.0321767                           0 
   612 c612                -0.167823                           0 
   613 c613                        0                           0 
   614 c614                        0                           0 
   615 c615                        0                           0 
   616 c616                        0                           0 
   617 c617                        0                           0 
   618 c618                        0                           0 
   619 c619                        0                           0 
   620 c620                        0                           0 
   621 c621                        0                           0 
   622 c622                        0                           0 
   623 c623                        0                           0 
   624 c624                        0                           0 
   625 c625                        0                           0 
   626 c626                        0                           0 
   627 c627                        0                           0 
   628 c628                        0                           0 
   629 c629                        0                           0 
   630 c630                        0                           0 
   631 c631                        0                           0 
   632 c632                        0                           0 
   633 c633                        0                           0 
   634 c634                        0                           0 
   635 c635                        0                           0 
   636 c636                        0                           0 
   637 c637                        0                           0 
   638 c638                        0                           0 
   639 c639                        0                           0 
   640 c640                        0                           0 
   641 c641                        0                           0 
   642 c642                        0                           0 
   643 c643                        0                           0 
   644 c644                        0                           0 
   645 c645                       -2                           0 
   646 c646                        0                           0 
   647 c647               -0.0182908                           0 
   648 c648                 -1.98171                           0 
   649 c649                        0                           0 
   650 c650                        0                           0 
   651 c651                        0                           0 
   652 c652                        0                           0 
   653 c653                        0                           0 
   654 c654                        0                           0 
   655 c655                        0                           0 
   656 c656                        0                           0 
   657 c657                        0                           0 
   658 c658                        0                           0 
   659 c659                        0                           0 
   660 c660                        0                           0 
   661 c661                 -1.53282                           0 
   662 c662                -0.467185                           0 
   663 c663               -0.0671849                           0 
   664 c664                 -1.93282                           0 
   665 c665                -0.398945                           0 
   666 c666                 -1.60106                           0 
   667 c667               -0.0038868                           0 
   668 c668                 -1.99611                           0 
   669 c669               -0.0682401                           0 
   670 c670                 -1.93176                           0 
   671 c671               -0.0038868                           0 
   672 c672                 -1.99611                           0 
   673 c673                        1             1             = 
   674 c674                        1             1             = 
   675 c675                        1             1             = 
   676 c676                        1             1             = 
   677 c677                        0                           0 
   678 c678                        0                           0 
   679 c679                        0             0               
   680 c680                        0                           0 
   681 c681                        0                           0 
   682 c682                        0             0               
   683 c683                        0             0               
   684 c684                        0                           0 
   685 c685                        0             0               
   686 c686                        0             0               
   687 c687                        0             0               
   688 c688                        0                           0 
   689 c689                        0                           0 
   690 c690                  6.87819             0               
   691 c691                        0                           0 
   692 c692                        0             0               
   693 c693                        0                           0 
   694 c694                        0             0               
   695 c695                        0             0             = 
   696 c696                        0             0               
   697 c697                        0                           1 
   698 c698                        0                           1 
   699 c699                        0                           1 
   700 c700                        0                           1 
   701 c701                        0                           1 
   702 c702                        0                           1 
   703 c703                        0                           1 
   704 c704                        0                           1 
   705 c705                        1                           1 
   706 c706                        1                           1 
   707 c707                        0                           1 
   708 c708                        0                           1 
   709 c709                        0                           1 
   710 c710                        0                           1 
   711 c711                        0                           1 
   712 c712                        0                           1 
   713 c713                        1                           1 
   714 c714                        1                           1 
   715 c715                        1                           1 
   716 c716                        1                           1 
   717 c717                        1                           1 
   718 c718                        1                           1 
   719 c719                        0                           1 
   720 c720                        1                           1 
   721 c721                        0                           1 
   722 c722                        1                           1 
   723 c723                        0                           1 
   724 c724                        1                           1 
   725 c725                        1                           1 
   726 c726                        1                           1 
   727 c727                        1                           1 
   728 c728                        1                           1 
   729 c729                        0             0             = 
   730 c730                        0             0             = 
   731 c731                        0             0             = 
   732 c732                        0             0             = 
   733 c733                        0             0             = 
   734 c734                        0             0             = 
   735 c735                        0             0             = 
   736 c736                        0             0             = 
   737 c737                        0             0             = 
   738 c738                        0             0             = 
   739 c739                        0             0             = 
   740 c740                        0             0               
   741 c741                  344.773             0               
   742 c742                        0                     12.3464 
   743 c743                        0                     13.1014 
   744 c744                        0                     14.6114 
   745 c745                        0                     16.8764 
   746 c746                        0                     21.4328 
   747 c747                        0                     22.5792 
   748 c748                        0                     24.8722 
   749 c749                  24.7932                     28.3116 
   750 c750                        0                     34.0585 
   751 c751                        0                     37.5641 
   752 c752                        0                     44.5753 
   753 c753                        0                      55.092 
   754 c754                        0                     46.1796 
   755 c755                        0                     54.0523 
   756 c756                        0                     69.7978 
   757 c757                        0                     93.4159 
   758 c758                        0                     50.3199 
   759 c759                        0                     55.9685 
   760 c760                        0                     67.2657 
   761 c761                        0                     84.2116 
   762 c762                        0                      58.225 
   763 c763                        0                     63.6942 
   764 c764                        0                     74.6325 
   765 c765                        0                       91.04 
   766 c766                        0                     73.1929 
   767 c767                        0                     75.3816 
   768 c768                        0                     79.7591 
   769 c769                        0                     86.3253 
   770 c770                        0                     35.2618 
   771 c771                   13.045                     40.7379 
   772 c772                        0                     51.6901 
   773 c773                        0                     68.1183 
   774 c774                        0                     34.0585 
   775 c775                        0                     37.5641 
   776 c776                        0                     44.5753 
   777 c777                        0                      55.092 
   778 c778                 0.151404             0               
   779 c779                        0             0               
   780 c780                        0             0               
   781 c781                        0             0               
   782 c782                        0             0               
   783 c783                        0             0               
   784 c784                  740.526             0               
   785 c785                        0             0               
   786 c786                        0             0               
   787 c787                        0             0               
   788 c788                        0                           0 
   789 c789                        0                           0 
   790 c790                        0                           0 
   791 c791                        0                           0 
   792 c792                 -1091.97                           0 
   793 c793                        0                           0 
   794 c794                        0                           0 
   795 c795                        0                           0 

   No. Column name       Activity     Lower bound   Upper bound
------ ------------    ------------- ------------- -------------
     1 ch1_enwk_1_m_perc
                                   0             0               
     2 ch1_enwk_1_y *              0             0             1 
     3 ch1_enwk_2_m_perc
                                   0             0               
     4 ch1_enwk_2_y *              0             0             1 
     5 ch1_enwk_3_m_perc
                                   0             0               
     6 ch1_enwk_3_y *              0             0             1 
     7 ch1_enwk_4_m_perc
                                   0             0               
     8 ch1_enwk_4_y *              0             0             1 
     9 ch2_enwk_1_m_perc
                                   0             0               
    10 ch2_enwk_1_y *              0             0             1 
    11 ch2_enwk_2_m_perc
                                   0             0               
    12 ch2_enwk_2_y *              0             0             1 
    13 ch2_enwk_3_m_perc
                                   0             0               
    14 ch2_enwk_3_y *              0             0             1 
    15 ch2_enwk_4_m_perc
                                   1             0               
    16 ch2_enwk_4_y *              1             0             1 
    17 ch1_ep_1_m_flow
                                   0             0               
    18 ch1_ep_1_y   *              0             0             1 
    19 ch1_ep_1_delp
                                   0             0               
    20 ch1_ep_2_m_flow
                                   0             0               
    21 ch1_ep_2_y   *              0             0             1 
    22 ch1_ep_2_delp
                                   0             0               
    23 ch1_ep_3_m_flow
                                   0             0               
    24 ch1_ep_3_y   *              0             0             1 
    25 ch1_ep_3_delp
                                   0             0               
    26 ch1_ep_4_m_flow
                                   0             0               
    27 ch1_ep_4_y   *              0             0             1 
    28 ch1_ep_4_delp
                                   0             0               
    29 ch2_ep_1_m_flow
                                   0             0               
    30 ch2_ep_1_y   *              0             0             1 
    31 ch2_ep_1_delp
                                   0             0               
    32 ch2_ep_2_m_flow
                                   0             0               
    33 ch2_ep_2_y   *              0             0             1 
    34 ch2_ep_2_delp
                                   0             0               
    35 ch2_ep_3_m_flow
                                   0             0               
    36 ch2_ep_3_y   *              0             0             1 
    37 ch2_ep_3_delp
                                   0             0               
    38 ch2_ep_4_m_flow
                                 755             0               
    39 ch2_ep_4_y   *              1             0             1 
    40 ch2_ep_4_delp
                             10.1473             0               
    41 sp1_temp_t_inout
                           0.0335925             0               
    42 sp1_temp_y   *              1             0             1 
    43 ice_nwk_1_m_perc
                            0.233592             0               
    44 ice_nwk_1_y  *              1             0             1 
    45 ice_nwk_2_m_perc
                                   0             0               
    46 ice_nwk_2_y  *              0             0             1 
    47 ice_nwk_3_m_perc
                                   0             0               
    48 ice_nwk_3_y  *              0             0             1 
    49 ice_nwk_4_m_perc
                                   0             0               
    50 ice_nwk_4_y  *              0             0             1 
    51 gv2_nwk_1_m_perc
                            0.199472             0               
    52 gv2_nwk_1_y  *              1             0             1 
    53 gv2_nwk_2_m_perc
                                   0             0               
    54 gv2_nwk_2_y  *              0             0             1 
    55 gv2_nwk_3_m_perc
                                   0             0               
    56 gv2_nwk_3_y  *              0             0             1 
    57 gv2_nwk_4_m_perc
                                   0             0               
    58 gv2_nwk_4_y  *              0             0             1 
    59 hsb_nwk_1_m_perc
                           0.0341201             0               
    60 hsb_nwk_1_y  *              1             0             1 
    61 hsb_nwk_2_m_perc
                                   0             0               
    62 hsb_nwk_2_y  *              0             0             1 
    63 hsb_nwk_3_m_perc
                                   0             0               
    64 hsb_nwk_3_y  *              0             0             1 
    65 hsb_nwk_4_m_perc
                                   0             0               
    66 hsb_nwk_4_y  *              0             0             1 
    67 para_nwk_con_delp
                             7.91812             0               
    68 para_nwk_con_y
                    *              1             0             1 
    69 dist_np_combi_0_0_m_flow
                                   0             0               
    70 dist_np_combi_0_0_y
                    *              0             0             1 
    71 dist_np_combi_0_0_delp
                                   0             0               
    72 dist_np_combi_0_1_m_flow
                                   0             0               
    73 dist_np_combi_0_1_y
                    *              0             0             1 
    74 dist_np_combi_0_1_delp
                                   0             0               
    75 dist_np_combi_0_2_m_flow
                                   0             0               
    76 dist_np_combi_0_2_y
                    *              0             0             1 
    77 dist_np_combi_0_2_delp
                                   0             0               
    78 dist_np_combi_0_3_m_flow
                                   0             0               
    79 dist_np_combi_0_3_y
                    *              0             0             1 
    80 dist_np_combi_0_3_delp
                                   0             0               
    81 dist_np_combi_1_0_m_flow
                                   0             0               
    82 dist_np_combi_1_0_y
                    *              0             0             1 
    83 dist_np_combi_1_0_delp
                                   0             0               
    84 dist_np_combi_1_1_m_flow
                                   0             0               
    85 dist_np_combi_1_1_y
                    *              0             0             1 
    86 dist_np_combi_1_1_delp
                                   0             0               
    87 dist_np_combi_1_2_m_flow
                                   0             0               
    88 dist_np_combi_1_2_y
                    *              0             0             1 
    89 dist_np_combi_1_2_delp
                                   0             0               
    90 dist_np_combi_1_3_m_flow
                                   0             0               
    91 dist_np_combi_1_3_y
                    *              0             0             1 
    92 dist_np_combi_1_3_delp
                                   0             0               
    93 dist_np_combi_2_0_m_flow
                                   0             0               
    94 dist_np_combi_2_0_y
                    *              0             0             1 
    95 dist_np_combi_2_0_delp
                                   0             0               
    96 dist_np_combi_2_1_m_flow
                                   0             0               
    97 dist_np_combi_2_1_y
                    *              0             0             1 
    98 dist_np_combi_2_1_delp
                                   0             0               
    99 dist_np_combi_2_2_m_flow
                                   0             0               
   100 dist_np_combi_2_2_y
                    *              0             0             1 
   101 dist_np_combi_2_2_delp
                                   0             0               
   102 dist_np_combi_2_3_m_flow
                                   0             0               
   103 dist_np_combi_2_3_y
                    *              0             0             1 
   104 dist_np_combi_2_3_delp
                                   0             0               
   105 dist_np_combi_3_0_m_flow
                                   0             0               
   106 dist_np_combi_3_0_y
                    *              0             0             1 
   107 dist_np_combi_3_0_delp
                                   0             0               
   108 dist_np_combi_3_1_m_flow
                                   0             0               
   109 dist_np_combi_3_1_y
                    *              0             0             1 
   110 dist_np_combi_3_1_delp
                                   0             0               
   111 dist_np_combi_3_2_m_flow
                                   0             0               
   112 dist_np_combi_3_2_y
                    *              0             0             1 
   113 dist_np_combi_3_2_delp
                                   0             0               
   114 dist_np_combi_3_3_m_flow
                                   0             0               
   115 dist_np_combi_3_3_y
                    *              0             0             1 
   116 dist_np_combi_3_3_delp
                                   0             0               
   117 dist_np_combi_4_0_m_flow
                                   0             0               
   118 dist_np_combi_4_0_y
                    *              0             0             1 
   119 dist_np_combi_4_0_delp
                                   0             0               
   120 dist_np_combi_4_1_m_flow
                                   0             0               
   121 dist_np_combi_4_1_y
                    *              0             0             1 
   122 dist_np_combi_4_1_delp
                                   0             0               
   123 dist_np_combi_4_2_m_flow
                                   0             0               
   124 dist_np_combi_4_2_y
                    *              0             0             1 
   125 dist_np_combi_4_2_delp
                                   0             0               
   126 dist_np_combi_4_3_m_flow
                                   0             0               
   127 dist_np_combi_4_3_y
                    *              0             0             1 
   128 dist_np_combi_4_3_delp
                                   0             0               
   129 dist_np_combi_5_0_m_flow
                                   0             0               
   130 dist_np_combi_5_0_y
                    *              0             0             1 
   131 dist_np_combi_5_0_delp
                                   0             0               
   132 dist_np_combi_5_1_m_flow
                             176.362             0               
   133 dist_np_combi_5_1_y
                    *              1             0             1 
   134 dist_np_combi_5_1_delp
                             7.91812             0               
   135 dist_np_combi_5_2_m_flow
                                   0             0               
   136 dist_np_combi_5_2_y
                    *              0             0             1 
   137 dist_np_combi_5_2_delp
                                   0             0               
   138 dist_np_combi_5_3_m_flow
                                   0             0               
   139 dist_np_combi_5_3_y
                    *              0             0             1 
   140 dist_np_combi_5_3_delp
                                   0             0               
   141 dist_np_combi_6_0_m_flow
                                   0             0               
   142 dist_np_combi_6_0_y
                    *              0             0             1 
   143 dist_np_combi_6_0_delp
                                   0             0               
   144 dist_np_combi_6_1_m_flow
                                   0             0               
   145 dist_np_combi_6_1_y
                    *              0             0             1 
   146 dist_np_combi_6_1_delp
                                   0             0               
   147 dist_np_combi_6_2_m_flow
                                   0             0               
   148 dist_np_combi_6_2_y
                    *              0             0             1 
   149 dist_np_combi_6_2_delp
                                   0             0               
   150 dist_np_combi_6_3_m_flow
                                   0             0               
   151 dist_np_combi_6_3_y
                    *              0             0             1 
   152 dist_np_combi_6_3_delp
                                   0             0               
   153 ch1_1_u0                    0             0               
   154 ch1_1_u0_y   *              0             0             1 
   155 ch1_1_v0                    0             0               
   156 ch1_1_v0_y   *              0             0             1 
   157 ch1_1_u1                    0             0               
   158 ch1_1_u1_y   *              0             0             1 
   159 ch1_1_v1                    0             0               
   160 ch1_1_v1_y   *              0             0             1 
   161 ch1_1_u2                    0             0               
   162 ch1_1_u2_y   *              0             0             1 
   163 ch1_1_v2                    0             0               
   164 ch1_1_v2_y   *              0             0             1 
   165 ch1_1_u3                    0             0               
   166 ch1_1_u3_y   *              0             0             1 
   167 ch1_1_v3                    0             0               
   168 ch1_1_v3_y   *              0             0             1 
   169 ch1_1_u4                    0             0               
   170 ch1_1_u4_y   *              0             0             1 
   171 ch1_1_v4                    0             0               
   172 ch1_1_v4_y   *              0             0             1 
   173 ch1_1_u5                    0             0               
   174 ch1_1_u5_y   *              0             0             1 
   175 ch1_1_v5                    0             0               
   176 ch1_1_v5_y   *              0             0             1 
   177 ch1_1_u6                    0             0               
   178 ch1_1_u6_y   *              0             0             1 
   179 ch1_1_v6                    0             0               
   180 ch1_1_v6_y   *              0             0             1 
   181 ch1_1_u7                    0             0               
   182 ch1_1_u7_y   *              0             0             1 
   183 ch1_1_v7                    0             0               
   184 ch1_1_v7_y   *              0             0             1 
   185 ch1_1_u8                    0             0               
   186 ch1_1_u8_y   *              0             0             1 
   187 ch1_1_v8                    0             0               
   188 ch1_1_v8_y   *              0             0             1 
   189 ch1_1_u9                    0             0               
   190 ch1_1_u9_y   *              0             0             1 
   191 ch1_1_v9                    0             0               
   192 ch1_1_v9_y   *              0             0             1 
   193 ch1_2_u0                    0             0               
   194 ch1_2_u0_y   *              0             0             1 
   195 ch1_2_v0                    0             0               
   196 ch1_2_v0_y   *              0             0             1 
   197 ch1_2_u1                    0             0               
   198 ch1_2_u1_y   *              0             0             1 
   199 ch1_2_v1                    0             0               
   200 ch1_2_v1_y   *              0             0             1 
   201 ch1_2_u2                    0             0               
   202 ch1_2_u2_y   *              0             0             1 
   203 ch1_2_v2                    0             0               
   204 ch1_2_v2_y   *              0             0             1 
   205 ch1_2_u3                    0             0               
   206 ch1_2_u3_y   *              0             0             1 
   207 ch1_2_v3                    0             0               
   208 ch1_2_v3_y   *              0             0             1 
   209 ch1_2_u4                    0             0               
   210 ch1_2_u4_y   *              0             0             1 
   211 ch1_2_v4                    0             0               
   212 ch1_2_v4_y   *              0             0             1 
   213 ch1_2_u5                    0             0               
   214 ch1_2_u5_y   *              0             0             1 
   215 ch1_2_v5                    0             0               
   216 ch1_2_v5_y   *              0             0             1 
   217 ch1_2_u6                    0             0               
   218 ch1_2_u6_y   *              0             0             1 
   219 ch1_2_v6                    0             0               
   220 ch1_2_v6_y   *              0             0             1 
   221 ch1_2_u7                    0             0               
   222 ch1_2_u7_y   *              0             0             1 
   223 ch1_2_v7                    0             0               
   224 ch1_2_v7_y   *              0             0             1 
   225 ch1_2_u8                    0             0               
   226 ch1_2_u8_y   *              0             0             1 
   227 ch1_2_v8                    0             0               
   228 ch1_2_v8_y   *              0             0             1 
   229 ch1_2_u9                    0             0               
   230 ch1_2_u9_y   *              0             0             1 
   231 ch1_2_v9                    0             0               
   232 ch1_2_v9_y   *              0             0             1 
   233 ch1_3_u0                    0             0               
   234 ch1_3_u0_y   *              0             0             1 
   235 ch1_3_v0                    0             0               
   236 ch1_3_v0_y   *              0             0             1 
   237 ch1_3_u1                    0             0               
   238 ch1_3_u1_y   *              0             0             1 
   239 ch1_3_v1                    0             0               
   240 ch1_3_v1_y   *              0             0             1 
   241 ch1_3_u2                    0             0               
   242 ch1_3_u2_y   *              0             0             1 
   243 ch1_3_v2                    0             0               
   244 ch1_3_v2_y   *              0             0             1 
   245 ch1_3_u3                    0             0               
   246 ch1_3_u3_y   *              0             0             1 
   247 ch1_3_v3                    0             0               
   248 ch1_3_v3_y   *              0             0             1 
   249 ch1_3_u4                    0             0               
   250 ch1_3_u4_y   *              0             0             1 
   251 ch1_3_v4                    0             0               
   252 ch1_3_v4_y   *              0             0             1 
   253 ch1_3_u5                    0             0               
   254 ch1_3_u5_y   *              0             0             1 
   255 ch1_3_v5                    0             0               
   256 ch1_3_v5_y   *              0             0             1 
   257 ch1_3_u6                    0             0               
   258 ch1_3_u6_y   *              0             0             1 
   259 ch1_3_v6                    0             0               
   260 ch1_3_v6_y   *              0             0             1 
   261 ch1_3_u7                    0             0               
   262 ch1_3_u7_y   *              0             0             1 
   263 ch1_3_v7                    0             0               
   264 ch1_3_v7_y   *              0             0             1 
   265 ch1_3_u8                    0             0               
   266 ch1_3_u8_y   *              0             0             1 
   267 ch1_3_v8                    0             0               
   268 ch1_3_v8_y   *              0             0             1 
   269 ch1_3_u9                    0             0               
   270 ch1_3_u9_y   *              0             0             1 
   271 ch1_3_v9                    0             0               
   272 ch1_3_v9_y   *              0             0             1 
   273 ch1_4_u0                    0             0               
   274 ch1_4_u0_y   *              0             0             1 
   275 ch1_4_v0                    0             0               
   276 ch1_4_v0_y   *              0             0             1 
   277 ch1_4_u1                    0             0               
   278 ch1_4_u1_y   *              0             0             1 
   279 ch1_4_v1                    0             0               
   280 ch1_4_v1_y   *              0             0             1 
   281 ch1_4_u2                    0             0               
   282 ch1_4_u2_y   *              0             0             1 
   283 ch1_4_v2                    0             0               
   284 ch1_4_v2_y   *              0             0             1 
   285 ch1_4_u3                    0             0               
   286 ch1_4_u3_y   *              0             0             1 
   287 ch1_4_v3                    0             0               
   288 ch1_4_v3_y   *              0             0             1 
   289 ch1_4_u4                    0             0               
   290 ch1_4_u4_y   *              0             0             1 
   291 ch1_4_v4                    0             0               
   292 ch1_4_v4_y   *              0             0             1 
   293 ch1_4_u5                    0             0               
   294 ch1_4_u5_y   *              0             0             1 
   295 ch1_4_v5                    0             0               
   296 ch1_4_v5_y   *              0             0             1 
   297 ch1_4_u6                    0             0               
   298 ch1_4_u6_y   *              0             0             1 
   299 ch1_4_v6                    0             0               
   300 ch1_4_v6_y   *              0             0             1 
   301 ch1_4_u7                    0             0               
   302 ch1_4_u7_y   *              0             0             1 
   303 ch1_4_v7                    0             0               
   304 ch1_4_v7_y   *              0             0             1 
   305 ch1_4_u8                    0             0               
   306 ch1_4_u8_y   *              0             0             1 
   307 ch1_4_v8                    0             0               
   308 ch1_4_v8_y   *              0             0             1 
   309 ch1_4_u9                    0             0               
   310 ch1_4_u9_y   *              0             0             1 
   311 ch1_4_v9                    0             0               
   312 ch1_4_v9_y   *              0             0             1 
   313 ch2_1_u0                    0             0               
   314 ch2_1_u0_y   *              0             0             1 
   315 ch2_1_v0                    0             0               
   316 ch2_1_v0_y   *              0             0             1 
   317 ch2_1_u1                    0             0               
   318 ch2_1_u1_y   *              0             0             1 
   319 ch2_1_v1                    0             0               
   320 ch2_1_v1_y   *              0             0             1 
   321 ch2_1_u2                    0             0               
   322 ch2_1_u2_y   *              0             0             1 
   323 ch2_1_v2                    0             0               
   324 ch2_1_v2_y   *              0             0             1 
   325 ch2_1_u3                    0             0               
   326 ch2_1_u3_y   *              0             0             1 
   327 ch2_1_v3                    0             0               
   328 ch2_1_v3_y   *              0             0             1 
   329 ch2_1_u4                    0             0               
   330 ch2_1_u4_y   *              0             0             1 
   331 ch2_1_v4                    0             0               
   332 ch2_1_v4_y   *              0             0             1 
   333 ch2_1_u5              1.00915             0               
   334 ch2_1_u5_y   *              1             0             1 
   335 ch2_1_v5                    0             0               
   336 ch2_1_v5_y   *              0             0             1 
   337 ch2_1_u6                    0             0               
   338 ch2_1_u6_y   *              0             0             1 
   339 ch2_1_v6                    0             0               
   340 ch2_1_v6_y   *              0             0             1 
   341 ch2_1_u7                    0             0               
   342 ch2_1_u7_y   *              0             0             1 
   343 ch2_1_v7                    0             0               
   344 ch2_1_v7_y   *              0             0             1 
   345 ch2_1_u8                    0             0               
   346 ch2_1_u8_y   *              0             0             1 
   347 ch2_1_v8                    0             0               
   348 ch2_1_v8_y   *              0             0             1 
   349 ch2_1_u9                    0             0               
   350 ch2_1_u9_y   *              0             0             1 
   351 ch2_1_v9             0.990855             0               
   352 ch2_1_v9_y   *              1             0             1 
   353 ch2_2_u0                    0             0               
   354 ch2_2_u0_y   *              0             0             1 
   355 ch2_2_v0                    0             0               
   356 ch2_2_v0_y   *              0             0             1 
   357 ch2_2_u1                    0             0               
   358 ch2_2_u1_y   *              0             0             1 
   359 ch2_2_v1                    0             0               
   360 ch2_2_v1_y   *              0             0             1 
   361 ch2_2_u2                    0             0               
   362 ch2_2_u2_y   *              0             0             1 
   363 ch2_2_v2                    0             0               
   364 ch2_2_v2_y   *              0             0             1 
   365 ch2_2_u3                    0             0               
   366 ch2_2_u3_y   *              0             0             1 
   367 ch2_2_v3                    0             0               
   368 ch2_2_v3_y   *              0             0             1 
   369 ch2_2_u4                    0             0               
   370 ch2_2_u4_y   *              0             0             1 
   371 ch2_2_v4                    0             0               
   372 ch2_2_v4_y   *              0             0             1 
   373 ch2_2_u5                    0             0               
   374 ch2_2_u5_y   *              0             0             1 
   375 ch2_2_v5                    0             0               
   376 ch2_2_v5_y   *              0             0             1 
   377 ch2_2_u6                    0             0               
   378 ch2_2_u6_y   *              0             0             1 
   379 ch2_2_v6                    0             0               
   380 ch2_2_v6_y   *              0             0             1 
   381 ch2_2_u7                    0             0               
   382 ch2_2_u7_y   *              0             0             1 
   383 ch2_2_v7                    0             0               
   384 ch2_2_v7_y   *              0             0             1 
   385 ch2_2_u8                    0             0               
   386 ch2_2_u8_y   *              0             0             1 
   387 ch2_2_v8                    0             0               
   388 ch2_2_v8_y   *              0             0             1 
   389 ch2_2_u9                    0             0               
   390 ch2_2_u9_y   *              0             0             1 
   391 ch2_2_v9                    0             0               
   392 ch2_2_v9_y   *              0             0             1 
   393 ch2_3_u0                    0             0               
   394 ch2_3_u0_y   *              0             0             1 
   395 ch2_3_v0                    0             0               
   396 ch2_3_v0_y   *              0             0             1 
   397 ch2_3_u1                    0             0               
   398 ch2_3_u1_y   *              0             0             1 
   399 ch2_3_v1                    0             0               
   400 ch2_3_v1_y   *              0             0             1 
   401 ch2_3_u2                    0             0               
   402 ch2_3_u2_y   *              0             0             1 
   403 ch2_3_v2                    0             0               
   404 ch2_3_v2_y   *              0             0             1 
   405 ch2_3_u3                    0             0               
   406 ch2_3_u3_y   *              0             0             1 
   407 ch2_3_v3                    0             0               
   408 ch2_3_v3_y   *              0             0             1 
   409 ch2_3_u4                    0             0               
   410 ch2_3_u4_y   *              0             0             1 
   411 ch2_3_v4                    0             0               
   412 ch2_3_v4_y   *              0             0             1 
   413 ch2_3_u5                    0             0               
   414 ch2_3_u5_y   *              0             0             1 
   415 ch2_3_v5                    0             0               
   416 ch2_3_v5_y   *              0             0             1 
   417 ch2_3_u6                    0             0               
   418 ch2_3_u6_y   *              0             0             1 
   419 ch2_3_v6                    0             0               
   420 ch2_3_v6_y   *              0             0             1 
   421 ch2_3_u7                    0             0               
   422 ch2_3_u7_y   *              0             0             1 
   423 ch2_3_v7                    0             0               
   424 ch2_3_v7_y   *              0             0             1 
   425 ch2_3_u8                    0             0               
   426 ch2_3_u8_y   *              0             0             1 
   427 ch2_3_v8                    0             0               
   428 ch2_3_v8_y   *              0             0             1 
   429 ch2_3_u9                    0             0               
   430 ch2_3_u9_y   *              0             0             1 
   431 ch2_3_v9                    0             0               
   432 ch2_3_v9_y   *              0             0             1 
   433 ch2_4_u0                    0             0               
   434 ch2_4_u0_y   *              0             0             1 
   435 ch2_4_v0                    0             0               
   436 ch2_4_v0_y   *              0             0             1 
   437 ch2_4_u1                    0             0               
   438 ch2_4_u1_y   *              0             0             1 
   439 ch2_4_v1                    0             0               
   440 ch2_4_v1_y   *              0             0             1 
   441 ch2_4_u2                    0             0               
   442 ch2_4_u2_y   *              0             0             1 
   443 ch2_4_v2                    0             0               
   444 ch2_4_v2_y   *              0             0             1 
   445 ch2_4_u3                    0             0               
   446 ch2_4_u3_y   *              0             0             1 
   447 ch2_4_v3                    0             0               
   448 ch2_4_v3_y   *              0             0             1 
   449 ch2_4_u4                    0             0               
   450 ch2_4_u4_y   *              0             0             1 
   451 ch2_4_v4                    0             0               
   452 ch2_4_v4_y   *              0             0             1 
   453 ch2_4_u5                    0             0               
   454 ch2_4_u5_y   *              0             0             1 
   455 ch2_4_v5                    0             0               
   456 ch2_4_v5_y   *              0             0             1 
   457 ch2_4_u6                    0             0               
   458 ch2_4_u6_y   *              0             0             1 
   459 ch2_4_v6                    0             0               
   460 ch2_4_v6_y   *              0             0             1 
   461 ch2_4_u7                    0             0               
   462 ch2_4_u7_y   *              0             0             1 
   463 ch2_4_v7                    0             0               
   464 ch2_4_v7_y   *              0             0             1 
   465 ch2_4_u8                    0             0               
   466 ch2_4_u8_y   *              0             0             1 
   467 ch2_4_v8                    0             0               
   468 ch2_4_v8_y   *              0             0             1 
   469 ch2_4_u9                    0             0               
   470 ch2_4_u9_y   *              0             0             1 
   471 ch2_4_v9                    0             0               
   472 ch2_4_v9_y   *              0             0             1 
   473 cp_nwk_u0                   0             0               
   474 cp_nwk_u0_y  *              0             0             1 
   475 cp_nwk_v0                   0             0               
   476 cp_nwk_v0_y  *              0             0             1 
   477 cp_nwk_u1                   0             0               
   478 cp_nwk_u1_y  *              0             0             1 
   479 cp_nwk_v1                   0             0               
   480 cp_nwk_v1_y  *              0             0             1 
   481 cp_nwk_u2                   0             0               
   482 cp_nwk_u2_y  *              0             0             1 
   483 cp_nwk_v2                   0             0               
   484 cp_nwk_v2_y  *              0             0             1 
   485 cp_nwk_u3                   0             0               
   486 cp_nwk_u3_y  *              0             0             1 
   487 cp_nwk_v3                   0             0               
   488 cp_nwk_v3_y  *              0             0             1 
   489 cp_nwk_u4                 0.8             0               
   490 cp_nwk_u4_y  *              1             0             1 
   491 cp_nwk_v4                   0             0               
   492 cp_nwk_v4_y  *              0             0             1 
   493 cp_nwk_u5                   0             0               
   494 cp_nwk_u5_y  *              0             0             1 
   495 cp_nwk_v5                   0             0               
   496 cp_nwk_v5_y  *              0             0             1 
   497 cp_nwk_u6                   0             0               
   498 cp_nwk_u6_y  *              0             0             1 
   499 cp_nwk_v6                   0             0               
   500 cp_nwk_v6_y  *              0             0             1 
   501 cp_nwk_u7                   0             0               
   502 cp_nwk_u7_y  *              0             0             1 
   503 cp_nwk_v7                   0             0               
   504 cp_nwk_v7_y  *              0             0             1 
   505 cp_nwk_u8                   0             0               
   506 cp_nwk_u8_y  *              0             0             1 
   507 cp_nwk_v8            0.732815             0               
   508 cp_nwk_v8_y  *              1             0             1 
   509 cp_nwk_u9                   0             0               
   510 cp_nwk_u9_y  *              0             0             1 
   511 cp_nwk_v9                   0             0               
   512 cp_nwk_v9_y  *              0             0             1 
   513 gv2_ss_u0                   0             0               
   514 gv2_ss_u0_y  *              0             0             1 
   515 gv2_ss_v0                   0             0               
   516 gv2_ss_v0_y  *              0             0             1 
   517 gv2_ss_u1            0.201416             0               
   518 gv2_ss_u1_y  *              1             0             1 
   519 gv2_ss_v1                   0             0               
   520 gv2_ss_v1_y  *              0             0             1 
   521 gv2_ss_u2                   0             0               
   522 gv2_ss_u2_y  *              0             0             1 
   523 gv2_ss_v2                   0             0               
   524 gv2_ss_v2_y  *              0             0             1 
   525 gv2_ss_u3                   0             0               
   526 gv2_ss_u3_y  *              0             0             1 
   527 gv2_ss_v3                   0             0               
   528 gv2_ss_v3_y  *              0             0             1 
   529 gv2_ss_u4                   0             0               
   530 gv2_ss_u4_y  *              0             0             1 
   531 gv2_ss_v4                   0             0               
   532 gv2_ss_v4_y  *              0             0             1 
   533 gv2_ss_u5                   0             0               
   534 gv2_ss_u5_y  *              0             0             1 
   535 gv2_ss_v5            0.197529             0               
   536 gv2_ss_v5_y  *              1             0             1 
   537 gv2_ss_u6                   0             0               
   538 gv2_ss_u6_y  *              0             0             1 
   539 gv2_ss_v6                   0             0               
   540 gv2_ss_v6_y  *              0             0             1 
   541 gv2_ss_u7                   0             0               
   542 gv2_ss_u7_y  *              0             0             1 
   543 gv2_ss_v7                   0             0               
   544 gv2_ss_v7_y  *              0             0             1 
   545 gv2_ss_u8                   0             0               
   546 gv2_ss_u8_y  *              0             0             1 
   547 gv2_ss_v8                   0             0               
   548 gv2_ss_v8_y  *              0             0             1 
   549 gv2_ss_u9                   0             0               
   550 gv2_ss_u9_y  *              0             0             1 
   551 gv2_ss_v9                   0             0               
   552 gv2_ss_v9_y  *              0             0             1 
   553 hsb_ss_u0           0.0360635             0               
   554 hsb_ss_u0_y  *              1             0             1 
   555 hsb_ss_v0                   0             0               
   556 hsb_ss_v0_y  *              0             0             1 
   557 hsb_ss_u1                   0             0               
   558 hsb_ss_u1_y  *              0             0             1 
   559 hsb_ss_v1                   0             0               
   560 hsb_ss_v1_y  *              0             0             1 
   561 hsb_ss_u2                   0             0               
   562 hsb_ss_u2_y  *              0             0             1 
   563 hsb_ss_v2                   0             0               
   564 hsb_ss_v2_y  *              0             0             1 
   565 hsb_ss_u3                   0             0               
   566 hsb_ss_u3_y  *              0             0             1 
   567 hsb_ss_v3                   0             0               
   568 hsb_ss_v3_y  *              0             0             1 
   569 hsb_ss_u4                   0             0               
   570 hsb_ss_u4_y  *              0             0             1 
   571 hsb_ss_v4                   0             0               
   572 hsb_ss_v4_y  *              0             0             1 
   573 hsb_ss_u5                   0             0               
   574 hsb_ss_u5_y  *              0             0             1 
   575 hsb_ss_v5           0.0321767             0               
   576 hsb_ss_v5_y  *              1             0             1 
   577 hsb_ss_u6                   0             0               
   578 hsb_ss_u6_y  *              0             0             1 
   579 hsb_ss_v6                   0             0               
   580 hsb_ss_v6_y  *              0             0             1 
   581 hsb_ss_u7                   0             0               
   582 hsb_ss_u7_y  *              0             0             1 
   583 hsb_ss_v7                   0             0               
   584 hsb_ss_v7_y  *              0             0             1 
   585 hsb_ss_u8                   0             0               
   586 hsb_ss_u8_y  *              0             0             1 
   587 hsb_ss_v8                   0             0               
   588 hsb_ss_v8_y  *              0             0             1 
   589 hsb_ss_u9                   0             0               
   590 hsb_ss_u9_y  *              0             0             1 
   591 hsb_ss_v9                   0             0               
   592 hsb_ss_v9_y  *              0             0             1 
   593 ch_e_f_c_m_perc
                                   1             0               
   594 ch_e_f_c_y                  1             0               
   595 ch_evap_ret_t_in
                                   1             0               
   596 ch_evap_ret_y
                                   1             0               
   597 ch1_1_y      *              0             0             1 
   598 ch1_2_y      *              0             0             1 
   599 ch1_3_y      *              0             0             1 
   600 ch1_4_y      *              0             0             1 
   601 ch2_1_y      *              1             0             1 
   602 ch2_2_y      *              0             0             1 
   603 ch2_3_y      *              0             0             1 
   604 ch2_4_y      *              0             0             1 
   605 cp_nwk_y     *              1             0             1 
   606 gv2_ss_y     *              1             0             1 
   607 hsb_ss_y     *              1             0             1 

Integer feasibility conditions:

KKT.PE: max.abs.err = 5.68e-14 on row 679
        max.rel.err = 1.03e-16 on row 687
        High quality

KKT.PB: max.abs.err = 2.23e-12 on row 679
        max.rel.err = 2.23e-12 on row 679
        High quality

End of output
