Problem:    
Rows:       462
Columns:    291 (139 integer, 139 binary)
Non-zeros:  1929
Status:     INTEGER EMPTY
Objective:  obj = 0 (MINimum)

   No.   Row name        Activity     Lower bound   Upper bound
------ ------------    ------------- ------------- -------------
     1 c1                          0                           0 
     2 c2                          0                           0 
     3 c3                          0                           0 
     4 c4                          0                           0 
     5 c5                          0                           0 
     6 c6                          0                           0 
     7 c7                          0                           0 
     8 c8                          0                           0 
     9 c9                          0                           0 
    10 c10                         0                           0 
    11 c11                         0                           0 
    12 c12                         0                           0 
    13 c13                         0                           0 
    14 c14                         0                           0 
    15 c15                         0                           0 
    16 c16                         0                           0 
    17 c17                         0                           0 
    18 c18                         0                           0 
    19 c19                         0                           0 
    20 c20                         0                           0 
    21 c21                         0                           0 
    22 c22                         0                           0 
    23 c23                         0                           0 
    24 c24                         0                           0 
    25 c25                         0                           0 
    26 c26                         0                           0 
    27 c27                         0                           0 
    28 c28                         0                           0 
    29 c29                         0                           0 
    30 c30                         0                           0 
    31 c31                         0                           0 
    32 c32                         0                           0 
    33 c33                         0                           0 
    34 c34                         0                           0 
    35 c35                         0                           0 
    36 c36                         0                           0 
    37 c37                         0                           0 
    38 c38                         0                           0 
    39 c39                         0                           0 
    40 c40                         0                           0 
    41 c41                         0                           0 
    42 c42                         0                           0 
    43 c43                         0                           0 
    44 c44                         0                           0 
    45 c45                         0                           0 
    46 c46                         0                           0 
    47 c47                         0                           0 
    48 c48                         0                           0 
    49 c49                         0                           0 
    50 c50                         0                           0 
    51 c51                         0                           0 
    52 c52                         0                           0 
    53 c53                         0                           0 
    54 c54                         0                           0 
    55 c55                         0                           0 
    56 c56                         0                           0 
    57 c57                         0                           0 
    58 c58                         0                           0 
    59 c59                         0                           0 
    60 c60                         0                           0 
    61 c61                         0                           0 
    62 c62                         0                           0 
    63 c63                         0                           0 
    64 c64                         0                           0 
    65 c65                         0                           0 
    66 c66                         0                           0 
    67 c67                         0                           0 
    68 c68                         0                           0 
    69 c69                         0                           0 
    70 c70                         0                           0 
    71 c71                         0                           0 
    72 c72                         0                           0 
    73 c73                         0                           0 
    74 c74                         0                           0 
    75 c75                         0                           0 
    76 c76                         0                           0 
    77 c77                         0                           0 
    78 c78                         0                           0 
    79 c79                         0                           0 
    80 c80                         0                           0 
    81 c81                         0                           0 
    82 c82                         0                           0 
    83 c83                         0                           0 
    84 c84                         0                           0 
    85 c85                         0                           0 
    86 c86                         0                           0 
    87 c87                         0                           0 
    88 c88                         0                           0 
    89 c89                         0                           0 
    90 c90                         0                           0 
    91 c91                         0                           0 
    92 c92                         0                           0 
    93 c93                         0                           0 
    94 c94                         0                           0 
    95 c95                         0                           0 
    96 c96                         0                           0 
    97 c97                         0                           0 
    98 c98                         0                           0 
    99 c99                         0                           0 
   100 c100                        0                           0 
   101 c101                        0                           0 
   102 c102                        0                           0 
   103 c103                        0                           0 
   104 c104                        0                           0 
   105 c105                        0                           0 
   106 c106                        0                           0 
   107 c107                        0                           0 
   108 c108                        0                           0 
   109 c109                        0                           0 
   110 c110                        0                           0 
   111 c111                        0                           0 
   112 c112                        0                           0 
   113 c113                        0                           0 
   114 c114                        0                           0 
   115 c115                        0                           0 
   116 c116                        0                           0 
   117 c117                        0                           0 
   118 c118                        0                           0 
   119 c119                        0                           0 
   120 c120                        0                           0 
   121 c121                        0                           0 
   122 c122                        0                           0 
   123 c123                        0                           0 
   124 c124                        0                           0 
   125 c125                        0                           0 
   126 c126                        0                           0 
   127 c127                        0                           0 
   128 c128                        0                           0 
   129 c129                        0                           0 
   130 c130                        0                           0 
   131 c131                        0                           0 
   132 c132                        0                           0 
   133 c133                        0                           0 
   134 c134                        0                           0 
   135 c135                        0                           0 
   136 c136                        0                           0 
   137 c137                        0                           0 
   138 c138                        0                           0 
   139 c139                        0                           0 
   140 c140                        0                           0 
   141 c141                        0                           0 
   142 c142                        0                           0 
   143 c143                        0                           0 
   144 c144                        0                           0 
   145 c145                        0                           0 
   146 c146                        0                           0 
   147 c147                        0                           0 
   148 c148                        0                           0 
   149 c149                        0                           0 
   150 c150                        0                           0 
   151 c151                        0                           0 
   152 c152                        0                           0 
   153 c153                        0                           0 
   154 c154                        0                           0 
   155 c155                        0                           0 
   156 c156                        0                           0 
   157 c157                        0                           0 
   158 c158                        0                           0 
   159 c159                        0                           0 
   160 c160                        0                           0 
   161 c161                        0                           0 
   162 c162                        0                           0 
   163 c163                        0                           0 
   164 c164                        0                           0 
   165 c165                        0                           0 
   166 c166                        0                           0 
   167 c167                        0                           0 
   168 c168                        0                           0 
   169 c169                        0                           0 
   170 c170                        0                           0 
   171 c171                        0                           0 
   172 c172                        0                           0 
   173 c173                        0                           0 
   174 c174                        0                           0 
   175 c175                        0                           0 
   176 c176                        0                           0 
   177 c177                        0                           0 
   178 c178                        0                           0 
   179 c179                        0                           0 
   180 c180                        0                           0 
   181 c181                        0                           0 
   182 c182                        0                           0 
   183 c183                        0                           0 
   184 c184                        0                           0 
   185 c185                        0                           0 
   186 c186                        0                           0 
   187 c187                        0                           0 
   188 c188                        0                           0 
   189 c189                        0                           0 
   190 c190                        0                           0 
   191 c191                        0                           0 
   192 c192                        0                           0 
   193 c193                        0                           0 
   194 c194                        0                           0 
   195 c195                        0                           0 
   196 c196                        0                           0 
   197 c197                        0                           0 
   198 c198                        0                           0 
   199 c199                        0                           0 
   200 c200                        0                           0 
   201 c201                        0                           0 
   202 c202                        0                           0 
   203 c203                        0                           0 
   204 c204                        0                           0 
   205 c205                        0                           0 
   206 c206                        0                           0 
   207 c207                        0                           0 
   208 c208                        0                           0 
   209 c209                        0                           0 
   210 c210                        0                           0 
   211 c211                        0                           0 
   212 c212                        0                           0 
   213 c213                        0                           0 
   214 c214                        0                           0 
   215 c215                        0                           0 
   216 c216                        0                           0 
   217 c217                        0                           0 
   218 c218                        0                           0 
   219 c219                        0                           0 
   220 c220                        0                           0 
   221 c221                        0                           0 
   222 c222                        0                           0 
   223 c223                        0                           0 
   224 c224                        0                           0 
   225 c225                        0                           0 
   226 c226                        0                           0 
   227 c227                        0                           0 
   228 c228                        0                           0 
   229 c229                        0                           0 
   230 c230                        0                           0 
   231 c231                        0                           0 
   232 c232                        0                           0 
   233 c233                        0                           0 
   234 c234                        0                           0 
   235 c235                        0                           0 
   236 c236                        0                           0 
   237 c237                        0                           0 
   238 c238                        0                           0 
   239 c239                        0                           0 
   240 c240                        0                           0 
   241 c241                        0                           0 
   242 c242                        0                           0 
   243 c243                        0                           0 
   244 c244                        0                           0 
   245 c245                        0                           0 
   246 c246                        0                           0 
   247 c247                        0                           0 
   248 c248                        0                           0 
   249 c249                        0                           0 
   250 c250                        0                           0 
   251 c251                        0                           0 
   252 c252                        0                           0 
   253 c253                        0                           0 
   254 c254                        0                           0 
   255 c255                        0                           0 
   256 c256                        0                           0 
   257 c257                        0                           0 
   258 c258                        0                           0 
   259 c259                        0                           0 
   260 c260                        0                           0 
   261 c261                        0                           0 
   262 c262                        0                           0 
   263 c263                        0                           0 
   264 c264                        0                           0 
   265 c265                        0                           0 
   266 c266                        0                           0 
   267 c267                        0                           0 
   268 c268                        0                           0 
   269 c269                        0                           0 
   270 c270                        0                           0 
   271 c271                        0                           0 
   272 c272                        0                           0 
   273 c273                        0                           0 
   274 c274                        0                           0 
   275 c275                        0                           0 
   276 c276                        0                           0 
   277 c277                        0                           0 
   278 c278                        0                           0 
   279 c279                        0                           0 
   280 c280                        0                           0 
   281 c281                        0                           0 
   282 c282                        0                           0 
   283 c283                        0                           0 
   284 c284                        0                           0 
   285 c285                        0                           0 
   286 c286                        0                           0 
   287 c287                        0                           0 
   288 c288                        0                           0 
   289 c289                        0                           0 
   290 c290                        0                           0 
   291 c291                        0                           0 
   292 c292                        0                           0 
   293 c293                        0                           0 
   294 c294                        0                           0 
   295 c295                        0                           0 
   296 c296                        0                           0 
   297 c297                        0                           0 
   298 c298                        0                           0 
   299 c299                        0                           0 
   300 c300                        0                           0 
   301 c301                        0                           0 
   302 c302                        0                           0 
   303 c303                        0                           0 
   304 c304                        0                           0 
   305 c305                        0                           0 
   306 c306                        0                           0 
   307 c307                        0                           0 
   308 c308                        0                           0 
   309 c309                        0                           0 
   310 c310                        0                           0 
   311 c311                        0                           0 
   312 c312                        0                           0 
   313 c313                        0                           0 
   314 c314                        0                           0 
   315 c315                        0                           0 
   316 c316                        0                           0 
   317 c317                        0                           0 
   318 c318                        0                           0 
   319 c319                        0                           0 
   320 c320                        0                           0 
   321 c321                        0                           0 
   322 c322                        0                           0 
   323 c323                        0                           0 
   324 c324                        0                           0 
   325 c325                        0                           0 
   326 c326                        0                           0 
   327 c327                        0                           0 
   328 c328                        0                           0 
   329 c329                        0                           0 
   330 c330                        0                           0 
   331 c331                        0                           0 
   332 c332                        0                           0 
   333 c333                        0                           0 
   334 c334                        0                           0 
   335 c335                        0                           0 
   336 c336                        0                           0 
   337 c337                        0                           0 
   338 c338                        0                           0 
   339 c339                        0                           0 
   340 c340                        0                           0 
   341 c341                        0             1             = 
   342 c342                        0             1             = 
   343 c343                        0             1             = 
   344 c344                        0             1             = 
   345 c345                        0                           0 
   346 c346                        0                           0 
   347 c347                        0                           0 
   348 c348                        0             0               
   349 c349                        0                           0 
   350 c350                        0                           0 
   351 c351                        0                           0 
   352 c352                        0             0               
   353 c353                        0             0               
   354 c354                        0             0               
   355 c355                        0                           0 
   356 c356                        0             0               
   357 c357                        0             0               
   358 c358                        0             0               
   359 c359                        0             0               
   360 c360                        0             0               
   361 c361                        0                           0 
   362 c362                        0                           0 
   363 c363                        0             0               
   364 c364                        0                           0 
   365 c365                        0             0               
   366 c366                        0                           0 
   367 c367                        0                           0 
   368 c368                        0             0               
   369 c369                        0                           0 
   370 c370                        0             0               
   371 c371                        0                           0 
   372 c372                        0             0               
   373 c373                        0             0             = 
   374 c374                        0             0               
   375 c375                        0                           1 
   376 c376                        0                           1 
   377 c377                        0                           1 
   378 c378                        0                           1 
   379 c379                        0                           1 
   380 c380                        0                           1 
   381 c381                        0                           1 
   382 c382                        0                           1 
   383 c383                        0                           1 
   384 c384                        0                           1 
   385 c385                        0                           1 
   386 c386                        0                           1 
   387 c387                        0                           1 
   388 c388                        0                           1 
   389 c389                        0                           1 
   390 c390                        0                           1 
   391 c391                        0                           1 
   392 c392                        0                           1 
   393 c393                        0                           1 
   394 c394                        0                           1 
   395 c395                        0                           1 
   396 c396                        0                           1 
   397 c397                        0                           1 
   398 c398                        0                           1 
   399 c399                        0                           1 
   400 c400                        0                           1 
   401 c401                        0                           1 
   402 c402                        0                           1 
   403 c403                        0                           1 
   404 c404                        0                           1 
   405 c405                        0                           1 
   406 c406                        0                           1 
   407 c407                        0                           1 
   408 c408                        0                           1 
   409 c409                        0                           1 
   410 c410                        0                           1 
   411 c411                        0                           1 
   412 c412                        0                           1 
   413 c413                        0             0             = 
   414 c414                        0             0             = 
   415 c415                        0             0             = 
   416 c416                        0             0             = 
   417 c417                        0             0             = 
   418 c418                        0             0             = 
   419 c419                        0             0             = 
   420 c420                        0             0             = 
   421 c421                        0             0             = 
   422 c422                        0             0             = 
   423 c423                        0             0             = 
   424 c424                        0             0               
   425 c425                        0             0               
   426 c426                        0             0               
   427 c427                        0                     12.3464 
   428 c428                        0                     15.3664 
   429 c429                        0                     21.4328 
   430 c430                        0                     26.0187 
   431 c431                        0                     21.4328 
   432 c432                        0                     26.0187 
   433 c433                        0                     34.0585 
   434 c434                        0                     48.0809 
   435 c435                        0                     46.1796 
   436 c436                        0                     77.6705 
   437 c437                        0                     50.3199 
   438 c438                        0                     72.9143 
   439 c439                        0                      58.225 
   440 c440                        0                     80.1017 
   441 c441                        0                     73.1929 
   442 c442                        0                     81.9479 
   443 c443                        0                     35.2618 
   444 c444                        0                     57.1661 
   445 c445                        0                     34.0585 
   446 c446                        0                     48.0809 
   447 c447                        0             0               
   448 c448                        0             0               
   449 c449                        0             0               
   450 c450                        0             0               
   451 c451                        0             0               
   452 c452                        0             0               
   453 c453                        0             0               
   454 c454                        0             0               
   455 c455                        0             0               
   456 c456                        0             0               
   457 c457                        0                           0 
   458 c458                        0                           0 
   459 c459                        0                           0 
   460 c460                        0                           0 
   461 c461                        0                           0 
   462 c462                        0                           0 

   No. Column name       Activity     Lower bound   Upper bound
------ ------------    ------------- ------------- -------------
     1 ch1_enwk_4nc_1_m_perc
                                   0             0               
     2 ch1_enwk_4nc_1_y
                    *              0             0             1 
     3 ch1_enwk_4nc_2_m_perc
                                   0             0               
     4 ch1_enwk_4nc_2_y
                    *              0             0             1 
     5 ch2_enwk_4nc_1_m_perc
                                   0             0               
     6 ch2_enwk_4nc_1_y
                    *              0             0             1 
     7 ch2_enwk_4nc_2_m_perc
                                   0             0               
     8 ch2_enwk_4nc_2_y
                    *              0             0             1 
     9 ch3_enwk_4nc_1_m_perc
                                   0             0               
    10 ch3_enwk_4nc_1_y
                    *              0             0             1 
    11 ch3_enwk_4nc_2_m_perc
                                   0             0               
    12 ch3_enwk_4nc_2_y
                    *              0             0             1 
    13 ch1_ep_4nc_1_m_flow
                                   0             0               
    14 ch1_ep_4nc_1_y
                    *              0             0             1 
    15 ch1_ep_4nc_1_delp
                                   0             0               
    16 ch1_ep_4nc_2_m_flow
                                   0             0               
    17 ch1_ep_4nc_2_y
                    *              0             0             1 
    18 ch1_ep_4nc_2_delp
                                   0             0               
    19 ch2_ep_4nc_1_m_flow
                                   0             0               
    20 ch2_ep_4nc_1_y
                    *              0             0             1 
    21 ch2_ep_4nc_1_delp
                                   0             0               
    22 ch2_ep_4nc_2_m_flow
                                   0             0               
    23 ch2_ep_4nc_2_y
                    *              0             0             1 
    24 ch2_ep_4nc_2_delp
                                   0             0               
    25 ch3_ep_4nc_1_m_flow
                                   0             0               
    26 ch3_ep_4nc_1_y
                    *              0             0             1 
    27 ch3_ep_4nc_1_delp
                                   0             0               
    28 ch3_ep_4nc_2_m_flow
                                   0             0               
    29 ch3_ep_4nc_2_y
                    *              0             0             1 
    30 ch3_ep_4nc_2_delp
                                   0             0               
    31 sp1_temp_4nc_t_inout
                                   0             0               
    32 sp1_temp_4nc_y
                    *              0             0             1 
    33 ice_nwk_4nc_1_m_perc
                                   0             0               
    34 ice_nwk_4nc_1_y
                    *              0             0             1 
    35 ice_nwk_4nc_2_m_perc
                                   0             0               
    36 ice_nwk_4nc_2_y
                    *              0             0             1 
    37 gv2_nwk_4nc_1_m_perc
                                   0             0               
    38 gv2_nwk_4nc_1_y
                    *              0             0             1 
    39 gv2_nwk_4nc_2_m_perc
                                   0             0               
    40 gv2_nwk_4nc_2_y
                    *              0             0             1 
    41 hsb_nwk_4nc_1_m_perc
                                   0             0               
    42 hsb_nwk_4nc_1_y
                    *              0             0             1 
    43 hsb_nwk_4nc_2_m_perc
                                   0             0               
    44 hsb_nwk_4nc_2_y
                    *              0             0             1 
    45 tro_nwk_4nc_1_m_perc
                                   0             0               
    46 tro_nwk_4nc_1_y
                    *              0             0             1 
    47 tro_nwk_4nc_2_m_perc
                                   0             0               
    48 tro_nwk_4nc_2_y
                    *              0             0             1 
    49 pfa_nwk_4nc_1_m_perc
                                   0             0               
    50 pfa_nwk_4nc_1_y
                    *              0             0             1 
    51 pfa_nwk_4nc_2_m_perc
                                   0             0               
    52 pfa_nwk_4nc_2_y
                    *              0             0             1 
    53 ser_nwk_4nc_1_m_perc
                                   0             0               
    54 ser_nwk_4nc_1_y
                    *              0             0             1 
    55 ser_nwk_4nc_2_m_perc
                                   0             0               
    56 ser_nwk_4nc_2_y
                    *              0             0             1 
    57 para_nwk_con_4nc_delp
                                   0             0               
    58 para_nwk_con_4nc_y
                    *              0             0             1 
    59 dist_np_4nc_combi_0_0_m_flow
                                   0             0               
    60 dist_np_4nc_combi_0_0_y
                    *              0             0             1 
    61 dist_np_4nc_combi_0_0_delp
                                   0             0               
    62 dist_np_4nc_combi_0_1_m_flow
                                   0             0               
    63 dist_np_4nc_combi_0_1_y
                    *              0             0             1 
    64 dist_np_4nc_combi_0_1_delp
                                   0             0               
    65 dist_np_4nc_combi_1_0_m_flow
                                   0             0               
    66 dist_np_4nc_combi_1_0_y
                    *              0             0             1 
    67 dist_np_4nc_combi_1_0_delp
                                   0             0               
    68 dist_np_4nc_combi_1_1_m_flow
                                   0             0               
    69 dist_np_4nc_combi_1_1_y
                    *              0             0             1 
    70 dist_np_4nc_combi_1_1_delp
                                   0             0               
    71 dist_np_4nc_combi_2_0_m_flow
                                   0             0               
    72 dist_np_4nc_combi_2_0_y
                    *              0             0             1 
    73 dist_np_4nc_combi_2_0_delp
                                   0             0               
    74 dist_np_4nc_combi_2_1_m_flow
                                   0             0               
    75 dist_np_4nc_combi_2_1_y
                    *              0             0             1 
    76 dist_np_4nc_combi_2_1_delp
                                   0             0               
    77 dist_np_4nc_combi_3_0_m_flow
                                   0             0               
    78 dist_np_4nc_combi_3_0_y
                    *              0             0             1 
    79 dist_np_4nc_combi_3_0_delp
                                   0             0               
    80 dist_np_4nc_combi_3_1_m_flow
                                   0             0               
    81 dist_np_4nc_combi_3_1_y
                    *              0             0             1 
    82 dist_np_4nc_combi_3_1_delp
                                   0             0               
    83 dist_np_4nc_combi_4_0_m_flow
                                   0             0               
    84 dist_np_4nc_combi_4_0_y
                    *              0             0             1 
    85 dist_np_4nc_combi_4_0_delp
                                   0             0               
    86 dist_np_4nc_combi_4_1_m_flow
                                   0             0               
    87 dist_np_4nc_combi_4_1_y
                    *              0             0             1 
    88 dist_np_4nc_combi_4_1_delp
                                   0             0               
    89 dist_np_4nc_combi_5_0_m_flow
                                   0             0               
    90 dist_np_4nc_combi_5_0_y
                    *              0             0             1 
    91 dist_np_4nc_combi_5_0_delp
                                   0             0               
    92 dist_np_4nc_combi_5_1_m_flow
                                   0             0               
    93 dist_np_4nc_combi_5_1_y
                    *              0             0             1 
    94 dist_np_4nc_combi_5_1_delp
                                   0             0               
    95 dist_np_4nc_combi_6_0_m_flow
                                   0             0               
    96 dist_np_4nc_combi_6_0_y
                    *              0             0             1 
    97 dist_np_4nc_combi_6_0_delp
                                   0             0               
    98 dist_np_4nc_combi_6_1_m_flow
                                   0             0               
    99 dist_np_4nc_combi_6_1_y
                    *              0             0             1 
   100 dist_np_4nc_combi_6_1_delp
                                   0             0               
   101 ch1_4nc_1_evap_u0
                                   0             0               
   102 ch1_4nc_1_evap_u0_y
                    *              0             0             1 
   103 ch1_4nc_1_evap_v0
                                   0             0               
   104 ch1_4nc_1_evap_v0_y
                    *              0             0             1 
   105 ch1_4nc_1_evap_u1
                                   0             0               
   106 ch1_4nc_1_evap_u1_y
                    *              0             0             1 
   107 ch1_4nc_1_evap_v1
                                   0             0               
   108 ch1_4nc_1_evap_v1_y
                    *              0             0             1 
   109 ch1_4nc_1_evap_u2
                                   0             0               
   110 ch1_4nc_1_evap_u2_y
                    *              0             0             1 
   111 ch1_4nc_1_evap_v2
                                   0             0               
   112 ch1_4nc_1_evap_v2_y
                    *              0             0             1 
   113 ch1_4nc_1_evap_u3
                                   0             0               
   114 ch1_4nc_1_evap_u3_y
                    *              0             0             1 
   115 ch1_4nc_1_evap_v3
                                   0             0               
   116 ch1_4nc_1_evap_v3_y
                    *              0             0             1 
   117 ch1_4nc_2_evap_u0
                                   0             0               
   118 ch1_4nc_2_evap_u0_y
                    *              0             0             1 
   119 ch1_4nc_2_evap_v0
                                   0             0               
   120 ch1_4nc_2_evap_v0_y
                    *              0             0             1 
   121 ch1_4nc_2_evap_u1
                                   0             0               
   122 ch1_4nc_2_evap_u1_y
                    *              0             0             1 
   123 ch1_4nc_2_evap_v1
                                   0             0               
   124 ch1_4nc_2_evap_v1_y
                    *              0             0             1 
   125 ch1_4nc_2_evap_u2
                                   0             0               
   126 ch1_4nc_2_evap_u2_y
                    *              0             0             1 
   127 ch1_4nc_2_evap_v2
                                   0             0               
   128 ch1_4nc_2_evap_v2_y
                    *              0             0             1 
   129 ch1_4nc_2_evap_u3
                                   0             0               
   130 ch1_4nc_2_evap_u3_y
                    *              0             0             1 
   131 ch1_4nc_2_evap_v3
                                   0             0               
   132 ch1_4nc_2_evap_v3_y
                    *              0             0             1 
   133 ch2_4nc_1_evap_u0
                                   0             0               
   134 ch2_4nc_1_evap_u0_y
                    *              0             0             1 
   135 ch2_4nc_1_evap_v0
                                   0             0               
   136 ch2_4nc_1_evap_v0_y
                    *              0             0             1 
   137 ch2_4nc_1_evap_u1
                                   0             0               
   138 ch2_4nc_1_evap_u1_y
                    *              0             0             1 
   139 ch2_4nc_1_evap_v1
                                   0             0               
   140 ch2_4nc_1_evap_v1_y
                    *              0             0             1 
   141 ch2_4nc_1_evap_u2
                                   0             0               
   142 ch2_4nc_1_evap_u2_y
                    *              0             0             1 
   143 ch2_4nc_1_evap_v2
                                   0             0               
   144 ch2_4nc_1_evap_v2_y
                    *              0             0             1 
   145 ch2_4nc_1_evap_u3
                                   0             0               
   146 ch2_4nc_1_evap_u3_y
                    *              0             0             1 
   147 ch2_4nc_1_evap_v3
                                   0             0               
   148 ch2_4nc_1_evap_v3_y
                    *              0             0             1 
   149 ch2_4nc_2_evap_u0
                                   0             0               
   150 ch2_4nc_2_evap_u0_y
                    *              0             0             1 
   151 ch2_4nc_2_evap_v0
                                   0             0               
   152 ch2_4nc_2_evap_v0_y
                    *              0             0             1 
   153 ch2_4nc_2_evap_u1
                                   0             0               
   154 ch2_4nc_2_evap_u1_y
                    *              0             0             1 
   155 ch2_4nc_2_evap_v1
                                   0             0               
   156 ch2_4nc_2_evap_v1_y
                    *              0             0             1 
   157 ch2_4nc_2_evap_u2
                                   0             0               
   158 ch2_4nc_2_evap_u2_y
                    *              0             0             1 
   159 ch2_4nc_2_evap_v2
                                   0             0               
   160 ch2_4nc_2_evap_v2_y
                    *              0             0             1 
   161 ch2_4nc_2_evap_u3
                                   0             0               
   162 ch2_4nc_2_evap_u3_y
                    *              0             0             1 
   163 ch2_4nc_2_evap_v3
                                   0             0               
   164 ch2_4nc_2_evap_v3_y
                    *              0             0             1 
   165 ch3_4nc_1_evap_u0
                                   0             0               
   166 ch3_4nc_1_evap_u0_y
                    *              0             0             1 
   167 ch3_4nc_1_evap_v0
                                   0             0               
   168 ch3_4nc_1_evap_v0_y
                    *              0             0             1 
   169 ch3_4nc_1_evap_u1
                                   0             0               
   170 ch3_4nc_1_evap_u1_y
                    *              0             0             1 
   171 ch3_4nc_1_evap_v1
                                   0             0               
   172 ch3_4nc_1_evap_v1_y
                    *              0             0             1 
   173 ch3_4nc_1_evap_u2
                                   0             0               
   174 ch3_4nc_1_evap_u2_y
                    *              0             0             1 
   175 ch3_4nc_1_evap_v2
                                   0             0               
   176 ch3_4nc_1_evap_v2_y
                    *              0             0             1 
   177 ch3_4nc_1_evap_u3
                                   0             0               
   178 ch3_4nc_1_evap_u3_y
                    *              0             0             1 
   179 ch3_4nc_1_evap_v3
                                   0             0               
   180 ch3_4nc_1_evap_v3_y
                    *              0             0             1 
   181 ch3_4nc_2_evap_u0
                                   0             0               
   182 ch3_4nc_2_evap_u0_y
                    *              0             0             1 
   183 ch3_4nc_2_evap_v0
                                   0             0               
   184 ch3_4nc_2_evap_v0_y
                    *              0             0             1 
   185 ch3_4nc_2_evap_u1
                                   0             0               
   186 ch3_4nc_2_evap_u1_y
                    *              0             0             1 
   187 ch3_4nc_2_evap_v1
                                   0             0               
   188 ch3_4nc_2_evap_v1_y
                    *              0             0             1 
   189 ch3_4nc_2_evap_u2
                                   0             0               
   190 ch3_4nc_2_evap_u2_y
                    *              0             0             1 
   191 ch3_4nc_2_evap_v2
                                   0             0               
   192 ch3_4nc_2_evap_v2_y
                    *              0             0             1 
   193 ch3_4nc_2_evap_u3
                                   0             0               
   194 ch3_4nc_2_evap_u3_y
                    *              0             0             1 
   195 ch3_4nc_2_evap_v3
                                   0             0               
   196 ch3_4nc_2_evap_v3_y
                    *              0             0             1 
   197 cp_nwk_4nc_u0
                                   0             0               
   198 cp_nwk_4nc_u0_y
                    *              0             0             1 
   199 cp_nwk_4nc_v0
                                   0             0               
   200 cp_nwk_4nc_v0_y
                    *              0             0             1 
   201 cp_nwk_4nc_u1
                                   0             0               
   202 cp_nwk_4nc_u1_y
                    *              0             0             1 
   203 cp_nwk_4nc_v1
                                   0             0               
   204 cp_nwk_4nc_v1_y
                    *              0             0             1 
   205 cp_nwk_4nc_u2
                                   0             0               
   206 cp_nwk_4nc_u2_y
                    *              0             0             1 
   207 cp_nwk_4nc_v2
                                   0             0               
   208 cp_nwk_4nc_v2_y
                    *              0             0             1 
   209 cp_nwk_4nc_u3
                                   0             0               
   210 cp_nwk_4nc_u3_y
                    *              0             0             1 
   211 cp_nwk_4nc_v3
                                   0             0               
   212 cp_nwk_4nc_v3_y
                    *              0             0             1 
   213 gv2_ss_4nc_u0
                                   0             0               
   214 gv2_ss_4nc_u0_y
                    *              0             0             1 
   215 gv2_ss_4nc_v0
                                   0             0               
   216 gv2_ss_4nc_v0_y
                    *              0             0             1 
   217 gv2_ss_4nc_u1
                                   0             0               
   218 gv2_ss_4nc_u1_y
                    *              0             0             1 
   219 gv2_ss_4nc_v1
                                   0             0               
   220 gv2_ss_4nc_v1_y
                    *              0             0             1 
   221 gv2_ss_4nc_u2
                                   0             0               
   222 gv2_ss_4nc_u2_y
                    *              0             0             1 
   223 gv2_ss_4nc_v2
                                   0             0               
   224 gv2_ss_4nc_v2_y
                    *              0             0             1 
   225 gv2_ss_4nc_u3
                                   0             0               
   226 gv2_ss_4nc_u3_y
                    *              0             0             1 
   227 gv2_ss_4nc_v3
                                   0             0               
   228 gv2_ss_4nc_v3_y
                    *              0             0             1 
   229 hsb_ss_4nc_u0
                                   0             0               
   230 hsb_ss_4nc_u0_y
                    *              0             0             1 
   231 hsb_ss_4nc_v0
                                   0             0               
   232 hsb_ss_4nc_v0_y
                    *              0             0             1 
   233 hsb_ss_4nc_u1
                                   0             0               
   234 hsb_ss_4nc_u1_y
                    *              0             0             1 
   235 hsb_ss_4nc_v1
                                   0             0               
   236 hsb_ss_4nc_v1_y
                    *              0             0             1 
   237 hsb_ss_4nc_u2
                                   0             0               
   238 hsb_ss_4nc_u2_y
                    *              0             0             1 
   239 hsb_ss_4nc_v2
                                   0             0               
   240 hsb_ss_4nc_v2_y
                    *              0             0             1 
   241 hsb_ss_4nc_u3
                                   0             0               
   242 hsb_ss_4nc_u3_y
                    *              0             0             1 
   243 hsb_ss_4nc_v3
                                   0             0               
   244 hsb_ss_4nc_v3_y
                    *              0             0             1 
   245 pfa_ss_4nc_u0
                                   0             0               
   246 pfa_ss_4nc_u0_y
                    *              0             0             1 
   247 pfa_ss_4nc_v0
                                   0             0               
   248 pfa_ss_4nc_v0_y
                    *              0             0             1 
   249 pfa_ss_4nc_u1
                                   0             0               
   250 pfa_ss_4nc_u1_y
                    *              0             0             1 
   251 pfa_ss_4nc_v1
                                   0             0               
   252 pfa_ss_4nc_v1_y
                    *              0             0             1 
   253 pfa_ss_4nc_u2
                                   0             0               
   254 pfa_ss_4nc_u2_y
                    *              0             0             1 
   255 pfa_ss_4nc_v2
                                   0             0               
   256 pfa_ss_4nc_v2_y
                    *              0             0             1 
   257 pfa_ss_4nc_u3
                                   0             0               
   258 pfa_ss_4nc_u3_y
                    *              0             0             1 
   259 pfa_ss_4nc_v3
                                   0             0               
   260 pfa_ss_4nc_v3_y
                    *              0             0             1 
   261 ser_ss_4nc_u0
                                   0             0               
   262 ser_ss_4nc_u0_y
                    *              0             0             1 
   263 ser_ss_4nc_v0
                                   0             0               
   264 ser_ss_4nc_v0_y
                    *              0             0             1 
   265 ser_ss_4nc_u1
                                   0             0               
   266 ser_ss_4nc_u1_y
                    *              0             0             1 
   267 ser_ss_4nc_v1
                                   0             0               
   268 ser_ss_4nc_v1_y
                    *              0             0             1 
   269 ser_ss_4nc_u2
                                   0             0               
   270 ser_ss_4nc_u2_y
                    *              0             0             1 
   271 ser_ss_4nc_v2
                                   0             0               
   272 ser_ss_4nc_v2_y
                    *              0             0             1 
   273 ser_ss_4nc_u3
                                   0             0               
   274 ser_ss_4nc_u3_y
                    *              0             0             1 
   275 ser_ss_4nc_v3
                                   0             0               
   276 ser_ss_4nc_v3_y
                    *              0             0             1 
   277 ch_e_f_c_4nc_m_perc
                                   0             0               
   278 ch_e_f_c_4nc_y
                                   0             0               
   279 ch_evap_ret_4nc_t_in
                                   0             0               
   280 ch_evap_ret_4nc_y
                                   0             0               
   281 ch1_4nc_1_evap_y
                    *              0             0             1 
   282 ch1_4nc_2_evap_y
                    *              0             0             1 
   283 ch2_4nc_1_evap_y
                    *              0             0             1 
   284 ch2_4nc_2_evap_y
                    *              0             0             1 
   285 ch3_4nc_1_evap_y
                    *              0             0             1 
   286 ch3_4nc_2_evap_y
                    *              0             0             1 
   287 cp_nwk_4nc_y *              0             0             1 
   288 gv2_ss_4nc_y *              0             0             1 
   289 hsb_ss_4nc_y *              0             0             1 
   290 pfa_ss_4nc_y *              0             0             1 
   291 ser_ss_4nc_y *              0             0             1 

Integer feasibility conditions:

KKT.PE: max.abs.err = 0.00e+00 on row 0
        max.rel.err = 0.00e+00 on row 0
        High quality

KKT.PB: max.abs.err = 1.00e+00 on row 341
        max.rel.err = 5.00e-01 on row 341
        SOLUTION IS INFEASIBLE

End of output
